UNITS=MM
#Layer_Color=9474304
#
#Feature symbol names
#
$0 r127

#
#Feature attribute names
#

#
#Layer features
#
L 80.49999902 83.99999964 83.4999981 83.99999964 0 P 0
L 81.99999856 82.5000001 81.99999856 85.49999918 0 P 0
L 84.46500252 96.53299464 84.96500152 96.53299464 0 P 0
L 84.71500202 96.28299514 84.71500202 96.78299414 0 P 0
L 91.16701096 87.00000126 91.66700996 87.00000126 0 P 0
L 91.41701046 86.75000176 91.41701046 87.25000076 0 P 0
L 93.75000046 90.66798986 94.24999946 90.66798986 0 P 0
L 93.75000046 96.53200404 94.24999946 96.53200404 0 P 0
L 93.99999996 90.41799036 93.99999996 90.91798936 0 P 0
L 93.99999996 96.28200454 93.99999996 96.78200354 0 P 0
L 94.12299438 104.00000028 94.62299338 104.00000028 0 P 0
L 94.37299388 103.75000078 94.37299388 104.24999978 0 P 0
L 97.75000008 94.97498912 98.24999908 94.97498912 0 P 0
L 97.75000008 100.38200396 98.24999908 100.38200396 0 P 0
L 97.88960102 84.963 98.38960002 84.963 0 P 0
L 97.99999958 94.72498962 97.99999958 95.22498862 0 P 0
L 97.99999958 100.13200446 97.99999958 100.63200346 0 P 0
L 98.1250006 110.27500678 98.6249996 110.27500678 0 P 0
L 98.13960052 84.7130005 98.13960052 85.2129995 0 P 0
L 98.3750001 110.02500728 98.3750001 110.52500628 0 P 0
L 98.55000102 91.88200572 99.05000002 91.88200572 0 P 0
L 98.80000052 91.63200622 98.80000052 92.13200522 0 P 0
L 99.13960106 83.82 99.63960006 83.82 0 P 0
L 99.35000196 96.11798912 99.85000096 96.11798912 0 P 0
L 99.37500064 109.13200678 99.87499964 109.13200678 0 P 0
L 99.38960056 83.5700005 99.38960056 84.0699995 0 P 0
L 99.60000146 95.86798962 99.60000146 96.36798862 0 P 0
L 99.62500014 108.88200728 99.62500014 109.38200628 0 P 0
L 100.15000036 93.02500572 100.64999936 93.02500572 0 P 0
L 100.3340005 94.97498912 100.8339995 94.97498912 0 P 0
L 100.39999986 92.77500622 100.39999986 93.27500522 0 P 0
L 100.584 94.72498962 100.584 95.22498862 0 P 0
L 100.65833056 110.2416769 101.15832956 110.2416769 0 P 0
L 100.90833006 109.9916774 100.90833006 110.4916764 0 P 0
L 101.7499997 96.11798912 102.2499987 96.11798912 0 P 0
L 101.9999992 95.86798962 101.9999992 96.36798862 0 P 0
L 102.88960118 84.963 103.38960018 84.963 0 P 0
L 103.13960068 84.7130005 103.13960068 85.2129995 0 P 0
L 103.37700686 104.00000028 103.87700586 104.00000028 0 P 0
L 103.62700636 103.75000078 103.62700636 104.24999978 0 P 0
L 104.00000028 89.06799052 104.49999928 89.06799052 0 P 0
L 104.24999978 88.81799102 104.24999978 89.31799002 0 P 0
L 105.74999932 89.86799146 106.24999832 89.86799146 0 P 0
L 105.81500046 110.13200732 106.31499946 110.13200732 0 P 0
L 105.99999882 89.61799196 105.99999882 90.11799096 0 P 0
L 106.06499996 109.88200782 106.06499996 110.38200682 0 P 0
L 108.61798952 87.37499924 109.11798852 87.37499924 0 P 0
L 108.61798952 88.62499928 109.11798852 88.62499928 0 P 0
L 108.86798902 87.12499974 108.86798902 87.62499874 0 P 0
L 108.86798902 88.37499978 108.86798902 88.87499878 0 P 0
L 109.8170016 93.99999996 110.3170006 93.99999996 0 P 0
L 110.0670011 93.75000046 110.0670011 94.24999946 0 P 0
L 110.74999694 83.99299178 111.24999594 83.99299178 0 P 0
L 110.74999694 96.99299372 111.24999594 96.99299372 0 P 0
L 110.99999644 83.74299228 110.99999644 84.24299128 0 P 0
L 110.99999644 96.74299422 110.99999644 97.24299322 0 P 0
L 114.4999996 109.99999844 117.49999868 109.99999844 0 P 0
L 115.99999914 108.4999989 115.99999914 111.49999798 0 P 0
