UNITS=MM
#Layer_Color=8388736
#
#Feature symbol names
#
$0 r9.99998
$1 r49.9999

#
#Feature attribute names
#

#
#Layer features
#
L 81.00000056 105.99999882 81.00000056 111.99999952 0 P 0
L 81.00000056 105.99999882 93.00000196 105.99999882 0 P 0
L 81.00000056 111.99999952 93.00000196 111.99999952 0 P 0
L 83.00000164 88.5000008 83.00000164 100.00000066 0 P 0
L 83.00000164 88.5000008 91.00000088 88.5000008 0 P 0
L 83.00000164 100.00000066 91.00000088 100.00000066 0 P 0
L 83.91500108 100.5000022 83.91500108 103.50000128 1 P 0
L 83.91500108 100.5000022 85.51500296 100.5000022 1 P 0
L 83.91500108 103.50000128 85.51500296 103.50000128 1 P 0
L 85.51500296 100.5000022 85.51500296 103.50000128 1 P 0
L 86.19999778 100.5000022 86.19999778 103.50000128 1 P 0
L 86.19999778 100.5000022 87.79999966 100.5000022 1 P 0
L 86.19999778 103.50000128 87.79999966 103.50000128 1 P 0
L 86.20000032 84.50000118 86.20000032 87.50000026 1 P 0
L 86.20000032 84.50000118 87.8000022 84.50000118 1 P 0
L 86.20000032 87.50000026 87.8000022 87.50000026 1 P 0
L 87.79999966 100.5000022 87.79999966 103.50000128 1 P 0
L 87.8000022 84.50000118 87.8000022 87.50000026 1 P 0
L 88.48499956 100.5000022 88.48499956 103.50000128 1 P 0
L 88.48499956 100.5000022 90.08500144 100.5000022 1 P 0
L 88.48499956 103.50000128 90.08500144 103.50000128 1 P 0
L 88.4850021 84.50000118 88.4850021 87.50000026 1 P 0
L 88.4850021 84.50000118 90.08500398 84.50000118 1 P 0
L 88.4850021 87.50000026 90.08500398 87.50000026 1 P 0
L 90.08500144 100.5000022 90.08500144 103.50000128 1 P 0
L 90.08500398 84.50000118 90.08500398 87.50000026 1 P 0
L 91.00000088 88.5000008 91.00000088 100.00000066 0 P 0
L 91.49999988 91.99999634 91.49999988 93.59999822 1 P 0
L 91.49999988 91.99999634 94.49999896 91.99999634 1 P 0
L 91.49999988 93.59999568 91.49999988 95.19999756 1 P 0
L 91.49999988 93.59999568 94.49999896 93.59999568 1 P 0
L 91.49999988 93.59999822 94.49999896 93.59999822 1 P 0
L 91.49999988 95.19999756 94.49999896 95.19999756 1 P 0
L 92.99999942 82.09500218 92.99999942 88.09500288 0 P 0
L 92.99999942 82.09500218 107.0000019 82.09500218 0 P 0
L 92.99999942 88.09500288 107.0000019 88.09500288 0 P 0
L 92.99999942 105.99999882 92.99999942 111.99999952 0 P 0
L 92.99999942 105.99999882 105.00000082 105.99999882 0 P 0
L 92.99999942 111.99999952 105.00000082 111.99999952 0 P 0
L 93.00000196 105.99999882 93.00000196 111.99999952 0 P 0
L 94.49999896 91.99999634 94.49999896 93.59999822 1 P 0
L 94.49999896 93.59999568 94.49999896 95.19999756 1 P 0
L 95.0000005 88.99999726 95.0000005 98.99999758 0 P 0
L 95.0000005 88.99999726 105.00000082 88.99999726 0 P 0
L 95.0000005 98.99999758 105.00000082 98.99999758 0 P 0
L 96.04000096 103.19999934 96.04000096 104.80000122 0 P 0
L 96.04000096 103.19999934 98.84000044 103.19999934 0 P 0
L 96.04000096 104.80000122 98.84000044 104.80000122 0 P 0
L 98.80000052 99.49999658 98.80000052 102.49999566 1 P 0
L 98.80000052 99.49999658 100.4000024 99.49999658 1 P 0
L 98.80000052 102.49999566 100.4000024 102.49999566 1 P 0
L 98.84000044 103.19999934 98.84000044 104.80000122 0 P 0
L 99.1599998 103.19999934 99.1599998 104.80000122 0 P 0
L 99.1599998 103.19999934 101.95999928 103.19999934 0 P 0
L 99.1599998 104.80000122 101.95999928 104.80000122 0 P 0
L 100.4000024 99.49999658 100.4000024 102.49999566 1 P 0
L 100.4000024 99.59999638 100.4000024 102.39999586 0 P 0
L 100.4000024 99.59999638 102.00000428 99.59999638 0 P 0
L 100.4000024 102.39999586 102.00000428 102.39999586 0 P 0
L 101.95999928 103.19999934 101.95999928 104.80000122 0 P 0
L 102.00000428 99.59999638 102.00000428 102.39999586 0 P 0
L 105.00000082 88.99999726 105.00000082 98.99999758 0 P 0
L 105.00000082 105.99999882 105.00000082 111.99999952 0 P 0
L 105.49999728 97.50000058 105.49999728 100.49999966 0 P 0
L 105.49999728 97.50000058 108.49999636 97.50000058 0 P 0
L 105.49999728 100.49999966 108.49999636 100.49999966 0 P 0
L 105.49999728 101.5000002 105.49999728 104.49999928 0 P 0
L 105.49999728 101.5000002 108.49999636 101.5000002 0 P 0
L 105.49999728 104.49999928 108.49999636 104.49999928 0 P 0
L 105.49999982 91.19999794 105.49999982 92.79999982 1 P 0
L 105.49999982 91.19999794 108.4999989 91.19999794 1 P 0
L 105.49999982 92.79999982 108.4999989 92.79999982 1 P 0
L 105.59999454 93.19999902 105.59999454 94.8000009 0 P 0
L 105.59999454 93.19999902 108.39999402 93.19999902 0 P 0
L 105.59999454 94.8000009 108.39999402 94.8000009 0 P 0
L 105.59999708 95.2000001 105.59999708 96.80000198 0 P 0
L 105.59999708 95.2000001 108.39999656 95.2000001 0 P 0
L 105.59999708 96.80000198 108.39999656 96.80000198 0 P 0
L 105.59999708 105.20000042 105.59999708 106.8000023 0 P 0
L 105.59999708 105.20000042 108.39999656 105.20000042 0 P 0
L 105.59999708 106.8000023 108.39999656 106.8000023 0 P 0
L 105.59999962 107.19999896 105.59999962 108.80000084 0 P 0
L 105.59999962 107.19999896 108.3999991 107.19999896 0 P 0
L 105.59999962 108.80000084 108.3999991 108.80000084 0 P 0
L 107.0000019 82.09500218 107.0000019 88.09500288 0 P 0
L 108.39999402 93.19999902 108.39999402 94.8000009 0 P 0
L 108.39999656 95.2000001 108.39999656 96.80000198 0 P 0
L 108.39999656 105.20000042 108.39999656 106.8000023 0 P 0
L 108.3999991 107.19999896 108.3999991 108.80000084 0 P 0
L 108.49999636 97.50000058 108.49999636 100.49999966 0 P 0
L 108.49999636 101.5000002 108.49999636 104.49999928 0 P 0
L 108.4999989 91.19999794 108.4999989 92.79999982 1 P 0
L 109.9999959 81.99999856 109.9999959 93.99999996 0 P 0
L 109.9999959 81.99999856 115.9999966 81.99999856 0 P 0
L 109.9999959 93.99999996 115.9999966 93.99999996 0 P 0
L 109.9999959 95.0000005 109.9999959 107.0000019 0 P 0
L 109.9999959 95.0000005 115.9999966 95.0000005 0 P 0
L 109.9999959 107.0000019 115.9999966 107.0000019 0 P 0
L 115.9999966 81.99999856 115.9999966 93.99999996 0 P 0
L 115.9999966 95.0000005 115.9999966 107.0000019 0 P 0
