UNITS=MM
#Layer_Color=9474304
#
#Feature symbol names
#
$0 r127

#
#Feature attribute names
#

#
#Layer features
#
L 81.49199856 83.49199964 81.49199856 84.50799964 0 P 0
L 81.49199856 83.49199964 82.50799856 83.49199964 0 P 0
L 81.49199856 84.50799964 82.50799856 84.50799964 0 P 0
L 82.50799856 83.49199964 82.50799856 84.50799964 0 P 0
L 84.20700202 97.04099464 84.71500202 96.02499464 0 P 0
L 84.20700202 97.04099464 85.22300202 97.04099464 0 P 0
L 84.71500202 96.02499464 85.22300202 97.04099464 0 P 0
L 90.90901046 87.50800126 91.41701046 86.49200126 0 P 0
L 90.90901046 87.50800126 91.92501046 87.50800126 0 P 0
L 91.41701046 86.49200126 91.92501046 87.50800126 0 P 0
L 93.49199996 91.17598986 93.99999996 90.15998986 0 P 0
L 93.49199996 91.17598986 94.50799996 91.17598986 0 P 0
L 93.49199996 97.04000404 93.99999996 96.02400404 0 P 0
L 93.49199996 97.04000404 94.50799996 97.04000404 0 P 0
L 93.86499388 104.50800028 94.37299388 103.49200028 0 P 0
L 93.86499388 104.50800028 94.88099388 104.50800028 0 P 0
L 93.99999996 90.15998986 94.50799996 91.17598986 0 P 0
L 93.99999996 96.02400404 94.50799996 97.04000404 0 P 0
L 94.37299388 103.49200028 94.88099388 104.50800028 0 P 0
L 97.49199958 95.48298912 97.99999958 94.46698912 0 P 0
L 97.49199958 95.48298912 98.50799958 95.48298912 0 P 0
L 97.49199958 100.89000396 97.99999958 99.87400396 0 P 0
L 97.49199958 100.89000396 98.50799958 100.89000396 0 P 0
L 97.63160052 85.471 98.13960052 84.455 0 P 0
L 97.63160052 85.471 98.64760052 85.471 0 P 0
L 97.8670001 110.78300678 98.3750001 109.76700678 0 P 0
L 97.8670001 110.78300678 98.8830001 110.78300678 0 P 0
L 97.99999958 94.46698912 98.50799958 95.48298912 0 P 0
L 97.99999958 99.87400396 98.50799958 100.89000396 0 P 0
L 98.13960052 84.455 98.64760052 85.471 0 P 0
L 98.29200052 92.39000572 98.80000052 91.37400572 0 P 0
L 98.29200052 92.39000572 99.30800052 92.39000572 0 P 0
L 98.3750001 109.76700678 98.8830001 110.78300678 0 P 0
L 98.80000052 91.37400572 99.30800052 92.39000572 0 P 0
L 98.88160056 84.328 99.38960056 83.312 0 P 0
L 98.88160056 84.328 99.89760056 84.328 0 P 0
L 99.09200146 96.62598912 99.60000146 95.60998912 0 P 0
L 99.09200146 96.62598912 100.10800146 96.62598912 0 P 0
L 99.11700014 109.64000678 99.62500014 108.62400678 0 P 0
L 99.11700014 109.64000678 100.13300014 109.64000678 0 P 0
L 99.38960056 83.312 99.89760056 84.328 0 P 0
L 99.60000146 95.60998912 100.10800146 96.62598912 0 P 0
L 99.62500014 108.62400678 100.13300014 109.64000678 0 P 0
L 99.89199986 93.53300572 100.39999986 92.51700572 0 P 0
L 99.89199986 93.53300572 100.90799986 93.53300572 0 P 0
L 100.076 95.48298912 100.584 94.46698912 0 P 0
L 100.076 95.48298912 101.092 95.48298912 0 P 0
L 100.39999986 92.51700572 100.90799986 93.53300572 0 P 0
L 100.40033006 110.7496769 100.90833006 109.7336769 0 P 0
L 100.40033006 110.7496769 101.41633006 110.7496769 0 P 0
L 100.584 94.46698912 101.092 95.48298912 0 P 0
L 100.90833006 109.7336769 101.41633006 110.7496769 0 P 0
L 101.4919992 96.62598912 101.9999992 95.60998912 0 P 0
L 101.4919992 96.62598912 102.5079992 96.62598912 0 P 0
L 101.9999992 95.60998912 102.5079992 96.62598912 0 P 0
L 102.63160068 85.471 103.13960068 84.455 0 P 0
L 102.63160068 85.471 103.64760068 85.471 0 P 0
L 103.11900636 104.50800028 103.62700636 103.49200028 0 P 0
L 103.11900636 104.50800028 104.13500636 104.50800028 0 P 0
L 103.13960068 84.455 103.64760068 85.471 0 P 0
L 103.62700636 103.49200028 104.13500636 104.50800028 0 P 0
L 103.74199978 89.57599052 104.24999978 88.55999052 0 P 0
L 103.74199978 89.57599052 104.75799978 89.57599052 0 P 0
L 104.24999978 88.55999052 104.75799978 89.57599052 0 P 0
L 105.49199882 90.37599146 105.99999882 89.35999146 0 P 0
L 105.49199882 90.37599146 106.50799882 90.37599146 0 P 0
L 105.55699996 110.64000732 106.06499996 109.62400732 0 P 0
L 105.55699996 110.64000732 106.57299996 110.64000732 0 P 0
L 105.99999882 89.35999146 106.50799882 90.37599146 0 P 0
L 106.06499996 109.62400732 106.57299996 110.64000732 0 P 0
L 108.35998902 87.88299924 108.86798902 86.86699924 0 P 0
L 108.35998902 87.88299924 109.37598902 87.88299924 0 P 0
L 108.35998902 89.13299928 108.86798902 88.11699928 0 P 0
L 108.35998902 89.13299928 109.37598902 89.13299928 0 P 0
L 108.86798902 86.86699924 109.37598902 87.88299924 0 P 0
L 108.86798902 88.11699928 109.37598902 89.13299928 0 P 0
L 109.5590011 94.50799996 110.0670011 93.49199996 0 P 0
L 109.5590011 94.50799996 110.5750011 94.50799996 0 P 0
L 110.0670011 93.49199996 110.5750011 94.50799996 0 P 0
L 110.49199644 84.50099178 110.99999644 83.48499178 0 P 0
L 110.49199644 84.50099178 111.50799644 84.50099178 0 P 0
L 110.49199644 97.50099372 110.99999644 96.48499372 0 P 0
L 110.49199644 97.50099372 111.50799644 97.50099372 0 P 0
L 110.99999644 83.48499178 111.50799644 84.50099178 0 P 0
L 110.99999644 96.48499372 111.50799644 97.50099372 0 P 0
L 115.49199914 109.49199844 115.49199914 110.50799844 0 P 0
L 115.49199914 109.49199844 116.50799914 109.49199844 0 P 0
L 115.49199914 110.50799844 116.50799914 110.50799844 0 P 0
L 116.50799914 109.49199844 116.50799914 110.50799844 0 P 0
